c{"geometry":[{"name":"SportyGirlShape","indexCount":9126,"vertexCount":2389,"attributes":["POSITION","NORMAL","TEXCOORD0","WEIGHT"],"caps":{"skinning":true}}],"hierarchy":{"id":"VisualSceneNode","name":"girl_run","transform":null,"geometry":null,"material":null,"children":[{"id":"_SportyGirl","name":"SportyGirl","transform":[1,0,0,0,0,1,0,0,0,0,1,0,0,0,0,1],"geometry":"SportyGirlShape","material":{"diffuse":[{"texture":"resources/models/girl.png","texcoord":"TEX0"}]},"isSkinnedMesh":true}]},"animation":{"skinning":{"SportyGirl":{"jointNames":["RigHead","RigNeck","RigAss","RigSpine1","RigArmRight1","RigArmRightCollarbone","RigSpine3","RigSpine2","RigArmRight2","RigLegRight3","RigLegLeft1","RigLegRight1","RigLegRight2","RigArmRightFing42","RigArmRightFing43","RigArmRightFing41","RigArmRightFing11","RigArmRightFing12","RigArmRightFing21","RigArmRightFing22","RigArmRight3","RigArmRightFing23","RigArmRightFing13","RigArmRightFing31","RigArmRightFing32","RigArmRightFing33","RigArmLeft1","RigArmLeftCollarbone","RigArmLeft2","RigLegLeft3","RigLegLeft2","RigArmLeftFing42","RigArmLeftFing43","RigArmLeftFing41","RigArmLeftFing11","RigArmLeftFing12","RigArmLeftFing21","RigArmLeftFing22","RigArmLeft3","RigArmLeftFing23","RigArmLeftFing13","RigArmLeftFing31","RigArmLeftFing32","RigArmLeftFing33"],"bindPoses":[[0,0,0.393701,0,0.393701,0,0,0,0,0.393701,0,0,-84.22127,2.344881,-0.0152326,1],[0.000458621,-0.000195153,0.3937,0,0.385933,-0.0778182,-0.000488146,0,0.0778184,0.385933,0.000100653,0,-73.41651,18.94565,0.0897787,1],[0,0,0.393701,0,0.393701,0,0,0,0,0.393701,0,0,-52.00989,1.449048,0,1],[0,0,0.393701,0,0.389406,-0.0579907,0,0,0.0579908,0.389406,0,0,-55.14029,9.676658,0,1],[-0.225227,-0.0466969,-0.319519,0,-0.322712,0.0463008,0.220711,0,0.0113982,0.38817,-0.0647646,0,56.25386,-5.20376,-48.65393,1],[-0.388489,-0.0315177,-0.0555298,0,-0.0565912,0.0113967,0.389446,0,-0.0295696,0.392272,-0.0157763,0,9.244958,1.709006,-74.49633,1],[0,0,0.393701,0,0.383275,0.090003,0,0,-0.090003,0.383275,0,0,-68.15348,-14.02284,0,1],[0,0,0.393701,0,0.389021,0.0605207,0,0,-0.0605207,0.389021,0,0,-60.70295,-8.786103,0,1],[-0.216773,-0.0134344,-0.328373,0,-0.327334,0.0439669,0.214288,0,0.0293591,0.391007,-0.0353781,0,43.73162,-3.466913,-47.68038,1],[0,0,-0.393701,0,0.000107496,0.393701,0,0,0.393701,-0.000107496,0,0,5.625177,-4.91798,-6.028701,1],[0.0102235,0.0371121,-0.391814,0,-0.392853,-0.0226501,-0.0123959,0,-0.0237101,0.391293,0.036444,0,51.68603,3.979962,6.54813,1],[-0.0102235,-0.0371179,-0.391814,0,-0.392853,-0.0226483,0.0123961,0,-0.0237085,0.391292,-0.0364499,0,51.68604,3.979655,-6.548172,1],[-0.0102542,-0.0369954,-0.391825,0,-0.390943,-0.0442333,0.0144075,0,-0.0453763,0.389455,-0.0355842,0,28.18915,5.550335,-6.689504,1],[-0.0385353,-0.391392,0.018097,0,-0.3911,0.0373299,-0.0254466,0,0.0235815,-0.0204682,-0.392461,0,42.10106,-29.75911,-0.873693,1],[0.0183588,-0.392456,0.0253297,0,-0.391629,-0.02056,-0.0347057,0,0.0359188,-0.023578,-0.391349,0,44.18916,-23.5761,0.616374,1],[-0.09278,-0.382182,0.0181452,0,-0.382089,0.0915721,-0.0249635,0,0.0200127,-0.023493,-0.392489,0,38.89972,-35.34544,-0.925655,1],[-0.0209582,-0.341514,-0.194754,0,-0.334412,0.118031,-0.170989,0,0.206711,0.156323,-0.296368,0,42.18334,-32.76796,9.414373,1],[-0.0812837,-0.341525,-0.178197,0,-0.371273,0.118015,-0.0568281,0,0.102713,0.156313,-0.346434,0,40.003,-32.76657,-3.369143,1],[-0.077177,-0.385407,-0.0224733,0,-0.385947,0.076464,0.0140803,0,-0.00941895,0.0247908,-0.392807,0,40.34526,-33.47494,-3.977116,1],[-0.0288261,-0.391984,-0.0227603,0,-0.392498,0.0281438,0.0124017,0,-0.0107206,0.0235987,-0.392847,0,42.79232,-28.40155,-3.804649,1],[-0.170312,-0.354244,-0.0224718,0,-0.354497,0.171019,-0.00921693,0,0.0180547,0.0162469,-0.392951,0,37.67633,-42.9724,-3.240888,1],[0.00690271,-0.393404,-0.0136424,0,-0.393607,-0.0070757,0.00488589,0,-0.00512738,0.0135534,-0.393434,0,43.60931,-24.65503,-2.391485,1],[-0.112965,-0.341514,-0.160023,0,-0.375357,0.118061,0.0130138,0,0.0366983,0.156301,-0.359477,0,37.17971,-32.77132,-10.44604,1],[-0.0959388,-0.381171,-0.0224608,0,-0.381723,0.0962994,-0.00376252,0,0.00913671,0.0208606,-0.393042,0,38.62515,-35.44869,-3.879308,1],[-0.0341656,-0.391573,-0.0224369,0,-0.392178,0.034417,-0.00346719,0,0.00540988,0.0220493,-0.393046,0,42.17688,-29.11594,-3.911188,1],[-0.00110434,-0.393361,-0.0163053,0,-0.393496,0.00162629,-0.0125827,0,0.0126392,0.0162616,-0.393162,0,43.02555,-25.69029,-2.516248,1],[0.225227,0.0466979,-0.319519,0,-0.322712,0.0463011,-0.220711,0,0.0113979,0.38817,0.0647656,0,56.25388,-5.20383,48.6539,1],[0.388489,0.0315179,-0.0555297,0,-0.0565911,0.0113967,-0.389446,0,-0.0295698,0.392272,0.0157762,0,9.24494,1.709014,74.49633,1],[0.216773,0.0134359,-0.328374,0,-0.327334,0.0439672,-0.214288,0,0.0293587,0.391007,0.0353795,0,43.73167,-3.46702,47.68033,1],[0,0,-0.393701,0,0.000107496,0.393701,0,0,0.393701,-0.000107496,0,0,5.605556,-4.915723,6.029521,1],[0.0102675,0.0369803,-0.391826,0,-0.390979,-0.043912,-0.0143897,0,-0.0450544,0.389493,0.0355795,0,28.194,5.527356,6.688183,1],[0.0385352,0.391392,0.0181035,0,-0.3911,0.0373295,0.0254467,0,0.0235809,-0.0204747,0.39246,0,42.10101,-29.75913,0.873305,1],[-0.018359,0.392456,0.025326,0,-0.391629,-0.0205599,0.0347058,0,0.0359187,-0.0235744,0.391349,0,44.18911,-23.57608,-0.616096,1],[0.0927798,0.382182,0.0181485,0,-0.382088,0.0915718,0.0249638,0,0.0200121,-0.0234962,0.392489,0,38.89969,-35.34543,0.925453,1],[0.0209586,0.341515,-0.194753,0,-0.334413,0.118031,0.170989,0,0.20671,0.156322,0.296369,0,42.18337,-32.76793,-9.414355,1],[0.0812826,0.341524,-0.178198,0,-0.371273,0.118014,0.0568274,0,0.102712,0.156314,0.346434,0,40.00311,-32.76639,3.369313,1],[0.0771765,0.385408,-0.0224681,0,-0.385947,0.0764638,-0.0140796,0,-0.00941935,0.0247857,0.392807,0,40.34523,-33.47495,3.976753,1],[0.0288269,0.391985,-0.0227375,0,-0.392497,0.0281453,-0.0124014,0,-0.0107219,0.0235761,0.392848,0,42.79218,-28.40186,3.80319,1],[0.170312,0.354245,-0.0224697,0,-0.354497,0.171018,0.0092174,0,0.0180542,0.0162448,0.392951,0,37.67634,-42.97238,3.240734,1],[-0.00690183,0.393399,-0.0137713,0,-0.393607,-0.00707647,-0.00488476,0,-0.00512855,0.0136824,0.39343,0,43.60919,-24.65434,2.399741,1],[0.112963,0.341516,-0.16002,0,-0.375357,0.11806,-0.0130129,0,0.0366973,0.156298,0.359478,0,37.17981,-32.77124,10.44577,1],[0.0959384,0.381172,-0.0224569,0,-0.381723,0.0962991,0.00376291,0,0.00913609,0.0208567,0.393042,0,38.62514,-35.4487,3.879049,1],[0.0341653,0.391574,-0.0224276,0,-0.392178,0.0344167,0.00346739,0,0.00540924,0.02204,0.393046,0,42.17684,-29.11601,3.910603,1],[0.00110405,0.393361,-0.0163225,0,-0.393496,0.00162654,0.0125823,0,0.0126389,0.0162788,0.393161,0,43.02551,-25.69015,2.517452,1]],"joints":{"id":"_RigAss","name":"RigAss","transform":[-0.1026112,2.193465,1.276629,0,0.04322613,-1.275976,2.195818,0,2.537558,0.1104327,0.01421826,0,0.9946956,121.5257,0,1],"children":[{"id":"_RigAss_RigLegLeft1","name":"RigLegLeft1","transform":[-0.4391903,0.8961532,-0.06341718,0,0.8870407,0.4437451,0.1274731,0,0.1423764,-0.000268682,-0.9898126,0,0,0,4.799424,1],"children":[{"id":"_RigAss_RigLegLeft1_RigLegLeft2","name":"RigLegLeft2","transform":[-0.3255743,-0.9411798,-0.09044924,0,0.9413376,-0.3136647,-0.1244939,0,0.08880041,-0.1256753,0.9880895,0,23.19975,0,0,1],"children":[{"id":"_RigAss_RigLegLeft1_RigLegLeft2_RigLegLeft3","name":"RigLegLeft3","transform":[0.1867886,0.9802842,0.06443094,0,-0.9823796,0.1868169,0.005643724,0,-0.006504333,-0.06434981,0.9979062,0,24.11254,0,0,1]}]}]},{"id":"_RigAss_RigLegRight1","name":"RigLegRight1","transform":[-0.6674554,0.7431196,-0.04771864,0,0.7397057,0.6542884,-0.1572979,0,-0.08566934,-0.140287,-0.9863977,0,0,0,-4.799423,1],"children":[{"id":"_RigAss_RigLegRight1_RigLegRight2","name":"RigLegRight2","transform":[0.6675828,-0.7411139,0.07129393,0,0.7412512,0.6705685,0.02975083,0,-0.06985624,0.03298558,0.9970119,0,23.19976,0,0,1],"children":[{"id":"_RigAss_RigLegRight1_RigLegRight2_RigLegRight3","name":"RigLegRight3","transform":[-0.4850857,0.8595854,-0.1606348,0,-0.87274,-0.4874293,0.02718338,0,-0.05493169,0.1533787,0.9866395,0,24.11254,0,0,1]}]}]},{"id":"_RigAss_RigSpine1","name":"RigSpine1","transform":[0.9453504,0.3260536,-0.001274327,0,-0.3260417,0.9452646,-0.01309656,0,-0.003065604,0.01279632,0.9999134,0,3.954293,0,0,1],"children":[{"id":"_RigAss_RigSpine1_RigSpine2","name":"RigSpine2","transform":[0.9893774,0.1416788,0.03254722,0,-0.1391665,0.9878204,-0.06959091,0,-0.04201037,0.0643222,0.9970442,0,5.427078,0,0,1],"children":[{"id":"_RigAss_RigSpine1_RigSpine2_RigSpine3","name":"RigSpine3","transform":[0.9979536,-0.05948377,0.02345483,0,0.05984019,0.9980985,-0.01479745,0,-0.02253002,0.01617071,0.9996156,0,8.321258,0,0,1],"children":[{"id":"_RigAss_RigSpine1_RigSpine2_RigSpine3_RigArmLeftCollarbone","name":"RigArmLeftCollarbone","transform":[-0.1575028,-0.0824215,0.9840733,0,-0.166986,0.984384,0.05572109,0,-0.9732977,-0.1555501,-0.1688063,0,5.744758,-0.7718735,1.248084,1],"children":[{"id":"_RigAss_RigSpine1_RigSpine2_RigSpine3_RigArmLeftCollarbone_RigArmLeft1","name":"RigArmLeft1","transform":[0.505669,0.7446427,0.4356671,0,-0.6828496,0.654088,-0.3253997,0,-0.5272711,-0.1329505,0.8392309,0,6.763612,0,0,1],"children":[{"id":"_RigAss_RigSpine1_RigSpine2_RigSpine3_RigArmLeftCollarbone_RigArmLeft1_RigArmLeft2","name":"RigArmLeft2","transform":[0.04084878,0.9964528,0.07357955,0,-0.9981497,0.04401658,-0.0419579,0,-0.04504776,-0.07172942,0.9964063,0,13.78494,0,0,1],"children":[{"id":"_RigAss_RigSpine1_RigSpine2_RigSpine3_RigArmLeftCollarbone_RigArmLeft1_RigArmLeft2_RigArmLeft3","name":"RigArmLeft3","transform":[0.9715234,0.1965192,0.1323696,0,0.140188,-0.02635805,-0.9897752,0,-0.1910208,0.9801461,-0.05315708,0,12.24832,0,0,1],"children":[{"id":"_RigAss_RigSpine1_RigSpine2_RigSpine3_RigArmLeftCollarbone_RigArmLeft1_RigArmLeft2_RigArmLeft3_RigArmLeftFing11","name":"RigArmLeftFing11","transform":[0.7504143,-0.6465909,0.1370963,0,0.4888498,0.6825394,0.5432962,0,-0.4448645,-0.3406781,0.828274,0,2.1024,-2.08419,1.130489,1],"children":[{"id":"_RigAss_RigSpine1_RigSpine2_RigSpine3_RigArmLeftCollarbone_RigArmLeft1_RigArmLeft2_RigArmLeft3_RigArmLeftFing11_RigArmLeftFing12","name":"RigArmLeftFing12","transform":[0.6342939,-0.01991218,-0.7728291,0,0.02370423,0.9997044,-0.006302625,0,0.7727298,-0.01432167,0.6345814,0,3.159382,0,0,1],"children":[{"id":"_RigAss_RigSpine1_RigSpine2_RigSpine3_RigArmLeftCollarbone_RigArmLeft1_RigArmLeft2_RigArmLeft3_RigArmLeftFing11_RigArmLeftFing12_RigArmLeftFing13","name":"RigArmLeftFing13","transform":[0.7319485,-0.02207044,-0.6809869,0,0.02631627,0.9996569,-0.004112726,0,0.6808501,-0.01491086,0.7322847,0,1.526909,0,0,1]}]}]},{"id":"_RigAss_RigSpine1_RigSpine2_RigSpine3_RigArmLeftCollarbone_RigArmLeft1_RigArmLeft2_RigArmLeft3_RigArmLeftFing21","name":"RigArmLeftFing21","transform":[0.1913178,-0.9794222,-0.06422948,0,0.977749,0.1959111,-0.07502596,0,0.08606568,-0.04844669,0.9951141,0,6.89374,-0.3694269,1.997078,1],"children":[{"id":"_RigAss_RigSpine1_RigSpine2_RigSpine3_RigArmLeftCollarbone_RigArmLeft1_RigArmLeft2_RigArmLeft3_RigArmLeftFing21_RigArmLeftFing22","name":"RigArmLeftFing22","transform":[0.3199435,-0.947421,0.004290998,0,0.9474391,0.319952,0.000520676,0,-0.001866225,0.003898897,0.9999965,0,1.410484,0,0,1],"children":[{"id":"_RigAss_RigSpine1_RigSpine2_RigSpine3_RigArmLeftCollarbone_RigArmLeft1_RigArmLeft2_RigArmLeft3_RigArmLeftFing21_RigArmLeftFing22_RigArmLeftFing23","name":"RigArmLeftFing23","transform":[0.3525584,-0.9357691,-0.004171937,0,0.935279,0.352515,-0.03168439,0,0.03112039,0.007268775,0.9995016,0,1.631199,0,0,1]}]}]},{"id":"_RigAss_RigSpine1_RigSpine2_RigSpine3_RigArmLeftCollarbone_RigArmLeft1_RigArmLeft2_RigArmLeft3_RigArmLeftFing31","name":"RigArmLeftFing31","transform":[0.244769,-0.9694859,-0.01353911,0,0.9695815,0.244752,0.002945886,0,0.000457731,-0.01384839,0.9999076,0,6.919817,-0.4624637,0,1],"children":[{"id":"_RigAss_RigSpine1_RigSpine2_RigSpine3_RigArmLeftCollarbone_RigArmLeft1_RigArmLeft2_RigArmLeft3_RigArmLeftFing31_RigArmLeftFing32","name":"RigArmLeftFing32","transform":[0.28602,-0.9582225,-0.000753179,0,0.9582183,0.2860188,0,0,0.000239159,-0.000714639,1.000012,0,1.608055,0,0,1],"children":[{"id":"_RigAss_RigSpine1_RigSpine2_RigSpine3_RigArmLeftCollarbone_RigArmLeft1_RigArmLeft2_RigArmLeft3_RigArmLeftFing31_RigArmLeftFing32_RigArmLeftFing33","name":"RigArmLeftFing33","transform":[0.3589716,-0.9333196,-0.007778927,0,0.9332265,0.3590363,-0.01207051,0,0.01405912,-0.002926648,0.9999224,0,1.501518,0,0,1]}]}]},{"id":"_RigAss_RigSpine1_RigSpine2_RigSpine3_RigArmLeftCollarbone_RigArmLeft1_RigArmLeft2_RigArmLeft3_RigArmLeftFing41","name":"RigArmLeftFing41","transform":[0.2374939,-0.9619454,0.1351057,0,0.971008,0.2389933,-0.005255281,0,-0.02723418,0.1324374,0.9908204,0,6.962675,-0.6484987,-2.116714,1],"children":[{"id":"_RigAss_RigSpine1_RigSpine2_RigSpine3_RigArmLeftCollarbone_RigArmLeft1_RigArmLeft2_RigArmLeft3_RigArmLeftFing41_RigArmLeftFing42","name":"RigArmLeftFing42","transform":[0.3046603,-0.9524564,0.001234502,0,0.9524608,0.3046617,0,0,-0.000408725,0.001165396,1.000008,0,1.36694,0,0,1],"children":[{"id":"_RigAss_RigSpine1_RigSpine2_RigSpine3_RigArmLeftCollarbone_RigArmLeft1_RigArmLeft2_RigArmLeft3_RigArmLeftFing41_RigArmLeftFing42_RigArmLeftFing43","name":"RigArmLeftFing43","transform":[0.2995581,-0.9540725,0.000806317,0,0.9537116,0.2994214,-0.02767335,0,0.02616185,0.009059081,0.9996385,0,1.82048,0,0,1]}]}]},{"id":"_RigAss_RigSpine1_RigSpine2_RigSpine3_RigArmLeftCollarbone_RigArmLeft1_RigArmLeft2_RigArmLeft3_RigLeftPistol","name":"RigLeftPistol","transform":[0.04261681,0.9823951,-0.1818882,0,-0.9879618,0.01433961,-0.1540322,0,-0.1487123,0.186263,0.9711802,0,6.474291,-2.103081,-0.1257467,1]}]}]}]}]},{"id":"_RigAss_RigSpine1_RigSpine2_RigSpine3_RigArmRightCollarbone","name":"RigArmRightCollarbone","transform":[-0.08776396,-0.1293824,-0.9877038,0,-0.2321173,0.9668913,-0.1060309,0,0.96872,0.2199573,-0.11489,0,5.744758,-0.7718773,-1.248,1],"children":[{"id":"_RigAss_RigSpine1_RigSpine2_RigSpine3_RigArmRightCollarbone_RigArmRight1","name":"RigArmRight1","transform":[0.5820539,0.339505,-0.7388846,0,-0.1588769,0.9386378,0.3061334,0,0.7974775,-0.06079431,0.6002763,0,6.763689,0,0,1],"children":[{"id":"_RigAss_RigSpine1_RigSpine2_RigSpine3_RigArmRightCollarbone_RigArmRight1_RigArmRight2","name":"RigArmRight2","transform":[0.1188596,0.9906056,-0.06765874,0,-0.9923202,0.1208611,0.02629299,0,0.03422321,0.0640138,0.997361,0,13.78494,0,0,1],"children":[{"id":"_RigAss_RigSpine1_RigSpine2_RigSpine3_RigArmRightCollarbone_RigArmRight1_RigArmRight2_RigArmRight3","name":"RigArmRight3","transform":[0.9088251,-0.0171328,-0.4168397,0,0.3976959,0.3374244,0.8532177,0,0.126033,-0.9411947,0.3134712,0,12.24832,0,0,1],"children":[{"id":"_RigAss_RigSpine1_RigSpine2_RigSpine3_RigArmRightCollarbone_RigArmRight1_RigArmRight2_RigArmRight3_RigArmRightFing11","name":"RigArmRightFing11","transform":[0.772438,-0.5842232,-0.2490856,0,0.406771,0.7562836,-0.5124065,0,0.4877373,0.2944804,0.8218242,0,2.102411,-2.084194,-1.130482,1],"children":[{"id":"_RigAss_RigSpine1_RigSpine2_RigSpine3_RigArmRightCollarbone_RigArmRight1_RigArmRight2_RigArmRight3_RigArmRightFing11_RigArmRightFing12","name":"RigArmRightFing12","transform":[0.7720169,0.02420527,0.6351818,0,-0.02508725,0.9996466,-0.00760245,0,-0.6351277,-0.01006552,0.7723347,0,3.159382,0,0,1],"children":[{"id":"_RigAss_RigSpine1_RigSpine2_RigSpine3_RigArmRightCollarbone_RigArmRight1_RigArmRight2_RigArmRight3_RigArmRightFing11_RigArmRightFing12_RigArmRightFing13","name":"RigArmRightFing13","transform":[0.8500471,0.02587925,0.5261687,0,-0.02747539,0.9995895,-0.004776523,0,-0.5260553,-0.01039601,0.8503753,0,1.526913,0,0,1]}]}]},{"id":"_RigAss_RigSpine1_RigSpine2_RigSpine3_RigArmRightCollarbone_RigArmRight1_RigArmRight2_RigArmRight3_RigArmRightFing21","name":"RigArmRightFing21","transform":[0.1992974,-0.9799238,0.008617982,0,0.9797409,0.1994156,0.01767269,0,-0.01903626,0.004921221,0.9998046,0,6.893785,-0.3694346,-1.997078,1],"children":[{"id":"_RigAss_RigSpine1_RigSpine2_RigSpine3_RigArmRightCollarbone_RigArmRight1_RigArmRight2_RigArmRight3_RigArmRightFing21_RigArmRightFing22","name":"RigArmRightFing22","transform":[0.3247774,-0.9458344,-0.004314601,0,0.945762,0.3247537,-0.000264585,0,0.0016514,-0.003994565,0.9999845,0,1.410492,0,0,1],"children":[{"id":"_RigAss_RigSpine1_RigSpine2_RigSpine3_RigArmRightCollarbone_RigArmRight1_RigArmRight2_RigArmRight3_RigArmRightFing21_RigArmRightFing22_RigArmRightFing23","name":"RigArmRightFing23","transform":[0.35716,-0.9341583,-0.001553713,0,0.9339013,0.3570379,0.01431632,0,-0.01281834,-0.006563906,0.9998817,0,1.631197,0,0,1]}]}]},{"id":"_RigAss_RigSpine1_RigSpine2_RigSpine3_RigArmRightCollarbone_RigArmRight1_RigArmRight2_RigArmRight3_RigArmRightFing31","name":"RigArmRightFing31","transform":[0.2497153,-0.9682496,0.01334037,0,0.9683071,0.2496785,-0.003746181,0,0.000296431,0.01385291,0.9999016,0,6.919844,-0.4624595,0,1],"children":[{"id":"_RigAss_RigSpine1_RigSpine2_RigSpine3_RigArmRightCollarbone_RigArmRight1_RigArmRight2_RigArmRight3_RigArmRightFing31_RigArmRightFing32","name":"RigArmRightFing32","transform":[0.2909066,-0.9568029,0.000753403,0,0.9567288,0.2908841,0,0,-0.000200083,0.000726575,0.9999886,0,1.608055,0,0,1],"children":[{"id":"_RigAss_RigSpine1_RigSpine2_RigSpine3_RigArmRightCollarbone_RigArmRight1_RigArmRight2_RigArmRight3_RigArmRightFing31_RigArmRightFing32_RigArmRightFing33","name":"RigArmRightFing33","transform":[0.3635284,-0.9316839,-0.00240469,0,0.9315318,0.3634619,0.002770633,0,-0.001707277,-0.003247129,0.999985,0,1.501524,0,0,1]}]}]},{"id":"_RigAss_RigSpine1_RigSpine2_RigSpine3_RigArmRightCollarbone_RigArmRight1_RigArmRight2_RigArmRight3_RigArmRightFing41","name":"RigArmRightFing41","transform":[0.241947,-0.9673145,-0.07620476,0,0.9692021,0.2372272,0.06590321,0,-0.04567081,-0.08980194,0.9949091,0,6.962705,-0.6484907,2.116711,1],"children":[{"id":"_RigAss_RigSpine1_RigSpine2_RigSpine3_RigArmRightCollarbone_RigArmRight1_RigArmRight2_RigArmRight3_RigArmRightFing41_RigArmRightFing42","name":"RigArmRightFing42","transform":[0.3095178,-0.9509443,-0.001234172,0,0.9508651,0.309492,0,0,0.00034441,-0.001185733,0.9999958,0,1.366936,0,0,1],"children":[{"id":"_RigAss_RigSpine1_RigSpine2_RigSpine3_RigArmRightCollarbone_RigArmRight1_RigArmRight2_RigArmRight3_RigArmRightFing41_RigArmRightFing42_RigArmRightFing43","name":"RigArmRightFing43","transform":[0.3041659,-0.9527287,-0.001004636,0,0.9524603,0.3040654,0.01403372,0,-0.01306456,-0.005225338,0.9999003,0,1.82048,0,0,1]}]}]},{"id":"_RigAss_RigSpine1_RigSpine2_RigSpine3_RigArmRightCollarbone_RigArmRight1_RigArmRight2_RigArmRight3_RigPistolRight","name":"RigPistolRight","transform":[-0.04261735,-0.9823955,-0.1818882,0,-0.9879618,0.01434015,0.1540321,0,-0.148712,0.1862629,-0.9711799,0,6.474291,-2.103077,0.1257439,1]}]}]}]}]},{"id":"_RigAss_RigSpine1_RigSpine2_RigSpine3_RigNeck","name":"RigNeck","transform":[0.9964199,-0.08449262,0.002870417,0,0.08439057,0.9960962,0.0258974,0,-0.00504735,-0.02556245,0.9996603,0,6.482696,-0.6672552,0.005134351,1],"children":[{"id":"_RigAss_RigSpine1_RigSpine2_RigSpine3_RigNeck_RigHead","name":"RigHead","transform":[0.9461977,-0.3235626,0.004175572,0,0.3233438,0.9459031,0.02675722,0,-0.01260732,-0.02396747,0.9996334,0,8.679619,0,0,1]}]}]}]}]}]}}},"objects":[{"duration":1.25,"fps":24,"frameCount":30,"isMatrix":false,"hasPosition":true,"hasRotation":true,"hasScale":true,"name":"RigAss"},{"duration":1.25,"fps":24,"frameCount":30,"isMatrix":false,"hasPosition":true,"hasRotation":true,"hasScale":true,"name":"RigLegLeft1"},{"duration":1.25,"fps":24,"frameCount":30,"isMatrix":false,"hasPosition":true,"hasRotation":true,"hasScale":true,"name":"RigLegLeft2"},{"duration":1.25,"fps":24,"frameCount":30,"isMatrix":false,"hasPosition":true,"hasRotation":true,"hasScale":true,"name":"RigLegLeft3"},{"duration":1.25,"fps":24,"frameCount":30,"isMatrix":false,"hasPosition":true,"hasRotation":true,"hasScale":true,"name":"RigLegRight1"},{"duration":1.25,"fps":24,"frameCount":30,"isMatrix":false,"hasPosition":true,"hasRotation":true,"hasScale":true,"name":"RigLegRight2"},{"duration":1.25,"fps":24,"frameCount":30,"isMatrix":false,"hasPosition":true,"hasRotation":true,"hasScale":true,"name":"RigLegRight3"},{"duration":1.25,"fps":24,"frameCount":30,"isMatrix":false,"hasPosition":true,"hasRotation":true,"hasScale":true,"name":"RigSpine1"},{"duration":1.25,"fps":24,"frameCount":30,"isMatrix":false,"hasPosition":true,"hasRotation":true,"hasScale":true,"name":"RigSpine2"},{"duration":1.25,"fps":24,"frameCount":30,"isMatrix":false,"hasPosition":true,"hasRotation":true,"hasScale":true,"name":"RigSpine3"},{"duration":1.25,"fps":24,"frameCount":30,"isMatrix":false,"hasPosition":true,"hasRotation":true,"hasScale":true,"name":"RigArmLeftCollarbone"},{"duration":1.25,"fps":24,"frameCount":30,"isMatrix":false,"hasPosition":true,"hasRotation":true,"hasScale":true,"name":"RigArmLeft1"},{"duration":1.25,"fps":24,"frameCount":30,"isMatrix":false,"hasPosition":true,"hasRotation":true,"hasScale":true,"name":"RigArmLeft2"},{"duration":1.25,"fps":24,"frameCount":30,"isMatrix":false,"hasPosition":true,"hasRotation":true,"hasScale":true,"name":"RigArmLeft3"},{"duration":1.25,"fps":24,"frameCount":30,"isMatrix":false,"hasPosition":true,"hasRotation":true,"hasScale":true,"name":"RigArmLeftFing11"},{"duration":1.25,"fps":24,"frameCount":30,"isMatrix":false,"hasPosition":true,"hasRotation":true,"hasScale":true,"name":"RigArmLeftFing12"},{"duration":1.25,"fps":24,"frameCount":30,"isMatrix":false,"hasPosition":true,"hasRotation":true,"hasScale":true,"name":"RigArmLeftFing13"},{"duration":1.25,"fps":24,"frameCount":30,"isMatrix":false,"hasPosition":true,"hasRotation":true,"hasScale":true,"name":"RigArmLeftFing21"},{"duration":1.25,"fps":24,"frameCount":30,"isMatrix":false,"hasPosition":true,"hasRotation":true,"hasScale":true,"name":"RigArmLeftFing22"},{"duration":1.25,"fps":24,"frameCount":30,"isMatrix":false,"hasPosition":true,"hasRotation":true,"hasScale":true,"name":"RigArmLeftFing23"},{"duration":1.25,"fps":24,"frameCount":30,"isMatrix":false,"hasPosition":true,"hasRotation":true,"hasScale":true,"name":"RigArmLeftFing31"},{"duration":1.25,"fps":24,"frameCount":30,"isMatrix":false,"hasPosition":true,"hasRotation":true,"hasScale":true,"name":"RigArmLeftFing32"},{"duration":1.25,"fps":24,"frameCount":30,"isMatrix":false,"hasPosition":true,"hasRotation":true,"hasScale":true,"name":"RigArmLeftFing33"},{"duration":1.25,"fps":24,"frameCount":30,"isMatrix":false,"hasPosition":true,"hasRotation":true,"hasScale":true,"name":"RigArmLeftFing41"},{"duration":1.25,"fps":24,"frameCount":30,"isMatrix":false,"hasPosition":true,"hasRotation":true,"hasScale":true,"name":"RigArmLeftFing42"},{"duration":1.25,"fps":24,"frameCount":30,"isMatrix":false,"hasPosition":true,"hasRotation":true,"hasScale":true,"name":"RigArmLeftFing43"},{"duration":1.25,"fps":24,"frameCount":30,"isMatrix":false,"hasPosition":true,"hasRotation":true,"hasScale":true,"name":"RigArmRightCollarbone"},{"duration":1.25,"fps":24,"frameCount":30,"isMatrix":false,"hasPosition":true,"hasRotation":true,"hasScale":true,"name":"RigArmRight1"},{"duration":1.25,"fps":24,"frameCount":30,"isMatrix":false,"hasPosition":true,"hasRotation":true,"hasScale":true,"name":"RigArmRight2"},{"duration":1.25,"fps":24,"frameCount":30,"isMatrix":false,"hasPosition":true,"hasRotation":true,"hasScale":true,"name":"RigArmRight3"},{"duration":1.25,"fps":24,"frameCount":30,"isMatrix":false,"hasPosition":true,"hasRotation":true,"hasScale":true,"name":"RigArmRightFing11"},{"duration":1.25,"fps":24,"frameCount":30,"isMatrix":false,"hasPosition":true,"hasRotation":true,"hasScale":true,"name":"RigArmRightFing12"},{"duration":1.25,"fps":24,"frameCount":30,"isMatrix":false,"hasPosition":true,"hasRotation":true,"hasScale":true,"name":"RigArmRightFing13"},{"duration":1.25,"fps":24,"frameCount":30,"isMatrix":false,"hasPosition":true,"hasRotation":true,"hasScale":true,"name":"RigArmRightFing21"},{"duration":1.25,"fps":24,"frameCount":30,"isMatrix":false,"hasPosition":true,"hasRotation":true,"hasScale":true,"name":"RigArmRightFing22"},{"duration":1.25,"fps":24,"frameCount":30,"isMatrix":false,"hasPosition":true,"hasRotation":true,"hasScale":true,"name":"RigArmRightFing23"},{"duration":1.25,"fps":24,"frameCount":30,"isMatrix":false,"hasPosition":true,"hasRotation":true,"hasScale":true,"name":"RigArmRightFing31"},{"duration":1.25,"fps":24,"frameCount":30,"isMatrix":false,"hasPosition":true,"hasRotation":true,"hasScale":true,"name":"RigArmRightFing32"},{"duration":1.25,"fps":24,"frameCount":30,"isMatrix":false,"hasPosition":true,"hasRotation":true,"hasScale":true,"name":"RigArmRightFing33"},{"duration":1.25,"fps":24,"frameCount":30,"isMatrix":false,"hasPosition":true,"hasRotation":true,"hasScale":true,"name":"RigArmRightFing41"},{"duration":1.25,"fps":24,"frameCount":30,"isMatrix":false,"hasPosition":true,"hasRotation":true,"hasScale":true,"name":"RigArmRightFing42"},{"duration":1.25,"fps":24,"frameCount":30,"isMatrix":false,"hasPosition":true,"hasRotation":true,"hasScale":true,"name":"RigArmRightFing43"},{"duration":1.25,"fps":24,"frameCount":30,"isMatrix":false,"hasPosition":true,"hasRotation":true,"hasScale":true,"name":"RigNeck"},{"duration":1.25,"fps":24,"frameCount":30,"isMatrix":false,"hasPosition":true,"hasRotation":true,"hasScale":true,"name":"RigHead"}]}}                	 	   
    
   
                                    ! !   " # $ $ #          # % & ' ' ( % ' ) ( * + , , + -  . / / . 0    1 2 3 4 2 5 5 2 1  	 6 6 	 7     8 .   9 8 0 . : : . 8  ;     9    ; 9 <  
       ! =   > ?   ?   .  @  / /   A * , #   "  # #   B   C = D E F G G H E I J K L H M I K N ? O P P O Q N R I J I S S T J O U Q  ? P ? > O O > V L E H   W W X  S Y T  Z  [ \ ] ] \ ^ _ ` C a  C b c a d > e e >  
   \ [ f f [ g = C      h i j !  V ^ k ] & % Z U O l l O V   =   =   m 
   V V  l V > n n > ` Z  &            V o !      
 B B 
   p   p $ = ! q r s t t s u v w x x w y t v z z v { | } ~  } € € }  ‚ ƒ „  … † † … ‡ ˆ r ‰ ‰ t Š ‹ Œ € € Œ         Š t  ‘   ‘  y ’ $ $ ’ " ˆ € s s €  y w ’ “ ” ' • ' ” ) ' • – — + + — - 0 ˜ / / ˜ Š u v t ™ š › š ™ 5 5 ™ 4 7 z 6 6 z { s r ˆ ˜ œ ‰  ‰ œ œ ˜ : : ˜ 0  ‹ ˆ € ˆ ‹ ‰  ˆ  ˆ  | Ÿ } s  u u  †   ‘  ~ ¡ | | ¡ ¢ ˜ ‰ Š Š  / /  @ – £ —  ’ w   ’ ’  " Œ ¤    ¥ ¦ § ¨ © ª © ¨ « ¬ ­ ª ® ¯ ­ ¬ ° Q ± ² ² ± ¡ ³ ° ¬ ¬ « ´ µ ´ « U ± Q ¡ ~ ² ¡ ± ¢ ¢ ± ¶ ¨ ® ª „ ƒ · ¸ · ƒ ¹ ´ µ º ‚ „ » ¼ ½ ½ ¼ ¾ ¿ À ¥ ‡ Á ¥ Â Ã Á Ä Å ¢ ¢ Å |  } … ½ f » » f g ¥   ‡  v † Æ Ç È  ‘ ¶ É ¾ ¼ ” “ º U l ± ± l ¶ ‡   † †    Ê … }  ¶   ¶ l ¶ Ë ¢ ¢ Ë ¿ ‚ º “ v  w w   u † v Ì ¶ ‘ t ‰ r  ¤ } } ¤ ~ $ p y y p x ‘   Í Î Ï Ğ Ğ Ï Ñ Ò Ó Ô Ô Ó Õ Ö × Ø Ø × Ù Ú Û Ü Ü Û Ø İ Ş ß ß Ş à á â ã ã â ä å æ ç ç æ è é Ó ê ê Ó ë ì í î î í ï ë ğ ê ê ğ ñ ò ó ô ô ó õ ö ÷ ø ø ÷ ù ú û ü ü û ı ş ÿ ß ß ÿ 	
 !""!#$%&&%'(()*++*,--./00/12--3445677689:;;:<=>44>?@AA@B3CCDEFFEG334HIJJIKLM44M=NO

OPQQRSTUUTVWXVVXUYZZ[\]GG]^>__``aLaaPbYYbcXdUUdefghhgijcbklmmlTn ÷oo ÷pq?rr?Astuutvwxyyxvz{||{}NH~~HJFGG€~NNOyv‚‚vt
YY
P‚ƒyyƒ„Uehhef^j€€jb@…BB…`†x……x‡G^€N
	N	Hˆ‰GG‰\ŠŠ‹„ŒwS„TT„ƒSUhmƒƒmTw‡xa``……‡‡Œ‡wŒ‘‘’“"””"#••–—˜˜—™•š é éš›œŸš ›› ¡¢£¤¤£¥¦ §§ ¨©ª««ª¬­¤®®¤¥`iŒŒhŒ„…@†¯ ğ°° ğ±²³´´³µ¶¶·¸¹ªª¹¬º»»(¼¼½¾W¿¿WVŠÀÀQ€€O3CC¼ Ø Ù Ü Ü ÙÁ ß à ş ş àÂ2Ã¨¨Ã§ÄÅÆÆÅÇPObbO€ƒ‚‚Èuv††vxÉ ùnn ù ÷ ùÉ{{É}|ÊzzÊË‘’$$’ÌÍÎÏÏÎĞºÑ»»ÑÒ‚tÈÈtÓ ß  İ İ Ô@?††?usuqqu?qÕssÕÖr×qq×ÕÖÓssÓty„w Õ Ô ÔØÙÚÚÙÛÙ âÛÛ â á ã{ á á{z öÜİİÜŞßàááàâ ÑË Ğ ĞËÊ ıá ü üáâ øã ö öãÜäåæçèéêéëìíîîíïğñòòñóôõööõ÷øùúúùûüışşıÿ 	

	{ ã ù ù ã øã ä ä !""!# û ú ú$%&&%'()**)+,-..-/ËÛzzÛ á0012344356778Ú Ï ÏÚ Ñ9 ú:: ú ü üâ::â;<=>>=?@AèBCDDCEFGHHGIJKLLKMNOPPOQp ÷İİ ÷ ö ú66 ú9RSTTSUVWXXWYZ[\\[]^_`NPa b!!bc;âddâàefggfhiijklmnmlPoapaoqrssrtu0vwxyyxz{|}}|~€€‚k`_ƒ„……„†‡ˆˆ‰Š‹‹ŠŒ0vvj‘’““’” ı û û•–——–˜™nššnl›œœŸp ¡¢££¢¤b ¥¦§uu§011¨©ª««ª¬­®¯¯®°±«²²«³´µ©©µ¶·¸¹¹¸ªº»¼¼»½¾¿ÀÀ¿ÁÂÃÄÄÃº±´««´©ÅÆÇÇÆÈÉÊËËÊÌÍÎÏÏÎĞÑÒÓÓÒÔÕÖ××ÖØÙÚÛÛÚÜİŞßßŞà ûáá ûÒÖÔÔÖÕâŞááŞÜãäååäæçèééèêëìííìîïğññğò¬ªóóª¸ŞÚààÚÙôÎõõÎÍö÷··÷¸ÛÜøøÜùîìççìèúûüışÿÿş ¼ğğ<<>	
&'' !! "#$		$%&''&(ÈôÇÇôõ=)??)*êÆééÆÅ+,--,./01102,Ñ..ÑÓ345d6;;67*8dd8697::76;7::7;9<66<:==>:;99;<?@AA@B¦C  C¡DEFFEGHIJJIKFLMNOPPOQRSTTSUVWHHWIXYZZY[W\II\]^_``_a]bIIbKccd]\ee\fghiihjklmmlnopqqprstuutvwxyyxz{|}}~{€€‚ƒƒ„•šš…‘D†‡‡†ˆL‰MM‰ŠED‹‹D‡Œ‰‰„‘’“33“4rp””p•–k——km˜™šš™›œŸ ¡¢¢¡£¤¥AA¥?¦›§§›™¨©ªª©«Q¬VV¬­ Ò® Ó Ó® ë›¦¯¯¦° Ó é Õ Õ é›±²bb²K³´µµ´¶·š??š@¸¹ºº¹»r”mm”—¼½¾¾½¿¥À??À·ÁÂÃÃÂÄ²ÅKKÅJÆÇÈÈÇÉ™Ê§§ÊËÌÍÎÎÍÏ›¡¡• é é êhĞjjĞÑÒ•ÓÓ•pGÑÔÔÑÕÖ×ØØ×ÙÚÛ°°Û¯Ü ñ¯¯ ñ ğPËNNËÊ ê’’ ê ñİŞß)à**àáØÙÑÑÙÕ2¨--¨…âãääãå‰L„„Lƒ-……­æWWæ\çèééèêëìííìîŠ{ãïğñíîòòîóôNõõNÊîìööì÷Å²ÒÒ²•øğùúûùùûøüışşıÿ OâäBBäA		
@¯BB¯Û	OôôON‡ˆÚÚˆÛúùBÛââÛˆi‹oo‹Aä¤¤äâˆããˆ†qgoogi !"##"$%&''&()"**"+,-..-/01221345ññ5ïó6òò6789::88;<ûû<øäåå=8jEiiE‹>?@@?Aš›@@›¯B‹ÚÚ‹‡@AAõÊ˜˜Ê™CDDAnEqqEgFFGlHnnHEI::JK{{K|98ğğ8ùpoÓÓo88ùÅ§JJ§Ë9,.9.:./::/Iã†ŠŠ†MLMNNMOşÿOOÿNï5,,5-ğøññø44ø<EPggPhQR  R;û>>û?·½šš½˜ıüü
STQQTUï,ğğ,9WV­VWXXWYQO¬¬OZ[\\[] ^^v_`aa`btcvvc^deffeghfææf\®± ë ë± ğÙiÕÕijklmmlnjoÕÕoÔpq²²q³LFƒƒFG„„&ººßrssrtuvwwvx‚yz{{z|Ôoo€ Õ›PĞhÖİ}}İ~½22½Ã€€‚ƒ^„„^`qrnnrmH…EE…Põ¼ôô¼uÓ°ÒÒ°¦¡··¡CHPVVPQÜ†ÌÌ†‡­ˆææˆ‰Š‹ŒŒ‹ˆ¬¬ˆ­‘‘’“77ò”Á••Á¿U““Î–——–˜¬RR¬™6˜TUU10ûû0ü ^QQ^S+š››šœTŸŸŸŸ TSS¡¢£$$£¤¥¦§§¦¨5©—ª«¬¬«h{¾yy¾À­‰66‰ˆ›œ®R““7Î—ÌÌ—¯QURRU“! ÄÄ Ã^cSSc¡0°22°±¬h‰‰hæ²³´´³µ7ˆˆ76Z[¶¶[·ó¸66¸­¹œºš…  …¨»¼kk¼lá ı½½ ı¾¿ÀÀ¿ÁÂÃÄÄÃÁııÿÅÆÇÇÆÈS_UU_aŸ¨¨Ÿ©ÉÊËËÊÌ˜–Í—˜55˜6«˜Í6Î77ÎÏ´ĞÑÒÓÔÔÓÕÖ×ww×x¢$))$"°d±±dfØÙÚÚÙÛ‘³³‘µÜİ¿¿İ•‹ŞŞßŠŒVVŒW;7àà7ÏáY88YXâãœœãä!İêèååèæçèééèàê’ëë’ìíîîíïğñääñòÜƒğğƒ„Í–ó$¤##¤ôéÉççÉÇõö÷÷öøùéÏÏéàúÉûûÉËüıXXYü˜ş í íş ïÿ øø ÷òºššºœT ìRR ì î•#””#ô•İ##İ!ÆÈÈÍ"!++!šè<àà<;ñòòºééùeggw¶uu¶´Ïó–!äššäò		ıÏ–Î	ıüÍª««ş˜]+\\+,
ÂÂÁ»7ºº78ÉöÊÊöõà èáá è æxvv ô õ õ“”ZZ”[:99—¯¯_1aa1/ùÏÏÎ0..ççè¹¸ ò ò¸ óóÍ ç ç å !! "#$ûû$úœµµ³`%bb%&£¢––¢—œ¹'$#()**ù+˜,,˜™--.›®//0›Ğ$((ÑĞ©«ÿÿ« ç12­®ŸŸ® cyddyzÄÆ¸¸Æ¹'®œÎÍ33Í4´µµğäÜÜäİç22.ï|îî|zñ//1íì55ì6*+00+›qpĞĞpÏÑ²´7Ç88ÇÅù*çé11é:èè:< ±¡¡±bÒ¦ÅÅ¦§”•±±•²¢–  –—9£ee£¡½¼˜˜¼õ½·¿¿·À”±——± :?úú?ûJËHHËPôuuve¡]]¡bef99f;¼¾uu¾sØÑŞŒÔGGƒÓ°°ÚjÑEEÑGCGG<=>?=@@=<ABCCBD3A22AC  EòííEFF%§öö§¸¸óööóîûúëëúìFE11E3ëFûûF1&÷==÷>÷ì>>ìú‰­¬¬­¨A BB E 33 A¬¨ªª¨¦ö÷%%÷&'¥%%¥§=?&&?(­¸¨¨¸§«;hh;fíëëFDA::A?:ú‰ŒŠŠŒJŒJJK†DMMDFGH€€H‚I‘‘IJKLiiLjLMjjMoHI‚‚IMGooG€€×‚‚×N ÖO İ İO Ş â½ ä ä½PßQQßRR½ÙÙ½ âááâãÜÜá ø ããã ã äßáRRá½ØSQQSTs~ßß~İ‘&&‘$UV°°V¯‡%ÌÌ%$V†¯¯†Ü&'ºº'ÑK€€Ki’ ñÌÌ ñÜiÙ€€Ù×ØŞÖÖŞİ}NÖÖN×ßPààP()¶¶Zdà**à(+á**á8Î6XX68Ú8ØØ8SÚÛ Ñ ÑÛËQTPPTWQRØØRÙPW((W)ZXXÎXYIIYK¿VllVT İÔ Ö ÖÔ ×ÂÄZZÄÈ Ö ØOO Ø ÛL4Sh„hiŒ ĞK Î ÎKYoDnnDFJKÊÊK Ğ~}}~|~J||JÊnFÉÉFÉ}}ML[[LaH	\\	];H99H\^R__R_ggi	]][YcZZc`j^aa^]`caacja[[_ŠJ{bcddcebdffdghijjik*)$$)%lmnnmopqrrqstuvvuw Ú Üxx Üuyz{{z|}~~€ıüCCüEq‚‚qƒ„…††…‡‚ˆˆ‚‰355Š‹ŒŒ‹‘’ ÿzz ÿ ş“”••”–—˜™™˜š›œŸ  Ÿ¡˜¢šš¢£¤£¥¥£¢¡ŸŸ¦§¨¨§©ª«¬¬«­®§¯¯§¤°±²²±³'%´´%µ¯¤¶¶¤¥·í¸¸íì¦¹££¹š,,-º™¹¹™š»¼——¼˜½õ¾¾õô¿ÀÁÁÀÂÃ¼ÄÄ¼ÅÆÇÇÆÈ»CŸŸCÉÊËËÊÌŸ»»¼ÍÎÏÏÎĞÃÑ¼¼ÑÒÓÔ››ÔÕ¡Ö  Ö×ØÙÚÚÙÛÜÛİİÛÙŞßßàáÌââÌãÄää ¥¢åæå¢¢˜ææ˜ÒçèààèÓéêÙÙêİëìííìîçïèÚğmmğkñòŒŒòóôõÈÈõÇö÷øø÷ùúûüüûùışÿÿş ÎÍÍÕÌÌÊÔÕÕûùùøà››àÓûûëéììéÙãïïèÆÅÅå	üü
ãÌ›ÕœœÕÍáÌÌ¡‹úÚÚØÙØìmmÚ
úüåæ
å
ú
©³±

±©©¨\fZZfeƒƒTTR[]]¦§§ssqyywåîìÆ	 !ˆˆ!"#‡$$‡ˆ·•¶¶•–¶%¯¯%&½¼™™¼—'(ÜÜ(Û)¡¡)ÖÔ¼C——C»Áw Ü ÜwuÂ| ş ş|zºÃÃ§£¤€€¤‚ÓèÔÔèÈ÷	ùù	ü*ññŒş**şı+,  ,ÿµµ-„›††›ÒÑ%%Ñ&ÓøÈÈø.’yy’z÷È		ÈÆÈ÷ôô÷öÖÕööÕôÕ×ôô×õÖöÓÓöøûúpr““r”/0110212~~2€€şş€ 34554Š678879om++m,977‘4:ŠŠ:‹Z;ÂÂ;»jkZZk;<3==35=5hh5i>?@@?ABÃmmÃkÂ»ÃÃ»kCADDA?de==e<EeFFecG’<<’3@AbbAcHIööI÷ZÈjjÈÆJÉKKÉËş‹:L}}LMNOPPOQÉRÊOONSTUUTVWXYYXZ[\\]+ 22 €]]K^_``_abNccNPo0nn0deefe99eghijjiklmnnmoJp‘‘pqrsttsutuvvuwnoppoqŠŒ55ŒóNbbfvwllwmNx‚‚xy{zyyztM{}}{~|}66}~~1{{1~899gO€QQ€€L44L:‹::}6~77~{/}‚‚}ƒs„~~„…®´´µU!VV! ‡-%%-µV †† †Ñ'&&'´sryyr‡-‰‰-†syˆˆyx
‰‰…}‰NN‰xW|88|6cŠ!!Š‹‘MMLX88XWZXŒŒX#‚d//d0+2oo20ƒ||ƒ}1~//~}YWW|#!!‹‘Ï’’ÏĞÚÛğğÛ(yt..tvxuzzut¼Ò˜“”••”–ìØîì—˜™™˜š’ĞllĞmĞ›ÏÏ›œŸŸ ¡¢££¢¤¥¦§§¦¨©ª««ª¬O€€LŸ ¢¢ ¤43€€3ÊÉññÉò­®¯¯®°ëí±±í²Î,ĞĞ,mııÿ«¬¦¦¬¨³´››´œÿÎÎÿ,µ¥¶¶¥§®±°°±²ki·¸¹şş¹ Ê**Êñº»hh»i¼½½ıı*¾¿ÀÁSÂÂSUæÒÃÃÒÑÄÅººÅ»ÆÇÈÈÇÉÍÊœœÊËÀ¿ÍÍ¿Ê ×ää×ÌîííÍ—™³³™´jkÎÎkÏ­¯˜˜¯šĞÑÒÒÑÓÔÕ‘‘Õ’ÒÓÓœËËŞggÖXccbgeÖÖe×fb¨¨bØÁÙÙÁÂef××f¨ÚÛÜÜÛİCC¦$aa$`Şßããßäàa_áâææâãäåææåçèäééäßêë‹‹ëéßììßóííîóß¬¬ßŞ}~¬¬~ªó¸ìì¸÷#ïğğïñòóôôóõö÷øø÷ùïúğğúû|üü|{|ı}ş}ıomÿÿmÿÿ ¨¨©®®©§`^^à_[[_\$``[[ ‘qqàßççß²ø±±øùµ´òò´ó		»
©¶ªª¶¹İÜÜ¯°°ççéáèèsqq ¯¯ƒppƒqŞ³¬¬³«SSUÛ	İİ	Ã4ö22ö÷´±óó±ùÄºº¼İÂÂİÃğññã®ŞŞ®³å°° !! "““•‚ƒƒï####	ø²²­$		ˆx

x‰%  %"† ‰‰ ˆåããåæ‰‚‚…„şÿ¸¸ÿ·$ˆ		ˆ
